INSTRUMENT_TYPE=SBE63
SERIALNO=3227
CALDATE=21-May-22
SetCalDate=08176
SetA0 =1.051300e+000
SetA1 =-1.500000e-003
SetA2 =3.901912e-001
SetB0 =-2.508655e-001
SetB1 =1.622873e+000
SetC0 =1.092571e-001
SetC1 =4.637325e-003
SetC2 =6.559768e-005
SetTA0 =7.050944e-004
SetTA1 =2.508857e-004
SetTA2 =7.282127e-007
SetTA3 =9.671481e-008
SetE =1.100000e-002
