INSTRUMENT_TYPE=SEACATPLUS
SERIALNO=50484
TCALDATE=01-Jul-22
TA0= 1.279264e-003
TA1= 2.597615e-004
TA2= 1.108489e-006
TA3= 8.680217e-008
CCALDATE=01-Jul-22
CG=-1.007161e+000
CH= 1.537379e-001
CI=-4.136631e-004
CJ= 5.430523e-005
CTCOR= 3.250000e-006
CPCOR=-9.570000e-008
PCALDATE=23-Jun-22
PA0=-2.000544e-002
PA1= 1.329566e-004
PA2=-1.483117e-012
PTCA0= 5.264731e+005
PTCA1=-2.275874e+000
PTCA2=-1.740508e-001
PTCB0= 2.518750e+001
PTCB1=-2.992519e-004
PTCB2= 0.000000e+000
PTEMPA0=-6.164916e+001
PTEMPA1= 4.999894e+001
PTEMPA2= 3.175169e-004
